9012014331301032
9012014331301032
9012014331301014
9012014331301032
9012014331301050
9012014331301140
9012014331301140
9012014331300916
9012014331300916
9012014331300916
9012014331300826
9012014331300844
9012014331301212
9012014331301320
9012014331301320
9012014331301258
9012014331300808
9012014331301230
9012014331301348
9012014331301348
9012014331300600
9012014331301438
9012014331301456
9012014331301456
9012014331301654
9012014331300394
9012014331300402
9012014331300880
9012014331300600
9012014331300466
9012014331300448
9012014331300880
9012014331300448
9012014331300808
9012014331301456
9012014331301168
9012014331301168
9012014331301690
9012014331300358
9012014331300448
9012014331300880
9012014331301168
9012014331301762
9012014331301852
9012014331300862
9012014331301852
9012014331300844
9012014331300196
9012014331301212
9012014331301852
9012014331300204
9012014331300196
9012014331300196
9012014331301870
9012014331300178
9012014331301898
9012014331301960
9012014331301960
9012014331301960
9012014331300060
9012014331300060
9012014331300088
9012014331300088
9012014331300628
9012014331300646
9012014331300628
9012014331301988
9012014331301988
9012014331301988
9012014331302022
9012014331301636
9012014331301636
9012014331301636
9012014331300420
9012014331300420
9012014331301618
9012014331301366
9012014331301348
9012014331300682
9012014331301410
9012014331301708
9012014331300312
9012014331300312
9012014331300286
9012014331300312
9012014331301744
9012014331300240
9012014331300268
9012014331301816
9012014331301780
9012014331301780
9012014331300240
9012014331300268
9012014331300240
9012014331300268
9012014331301816
9012014331300222
9012014331301834
9012014331301906
9012014331300150
9012014331300330
9012014331301744
9012014331301708
9012014331301384
9012014331301672
9012014331301672
9012014331301672
9012014331300376
9012014331301708
9012014331300376
9012014331301384
9012014331301384
9012014331300376
9012014331301924
9012014331300114
9012014331300132
9012014331300132
9012014331301924
9012014331301924
9012014331302004
9012014331302004
9012014331300556
9012014331300556
9012014331301500
9012014331300556
9012014331301528
9012014331301744
9012014331301500
9012014331301528
9012014331301492
9012014331301546
9012014331300538
9012014331300998
9012014331300970
9012014331301078
9012014331301096
9012014331301096
9012014331300952
9012014331301104
9012014331300952
9012014331300952
9012014331301104
9012014331301096
9012014331300510
9012014331300808
9012014331301276
9012014331300790
9012014331301276
9012014331300772
9012014331300772
9012014331301302
9012014331301294
9012014331300754
9012014331301320
9012014331300736
9012014331300736
9012014331300718
9012014331300736
9012014331300934
9012014331301122
9012014331301492
9012014331301474
9012014331300600
9012014331301564
9012014331300484
9012014331301140
9012014331301104
9012014331300592
9012014331300484
9012014331301564
9012014331300484
9012014331301212
9012014331300844
9012014331300574
9012014331300592
9012014331300592
9012014331301186
9012014331300088
9012014331300628
9012014331301582
9012014331300204
9012014331301780
9012014331300060
9012014331300420
9012014331300772
9012014331301500
9012014331300042
9012014331301726
9012014331301564
9012014331301492
9012014331300132
9012014331301276
9012014331301816
9012014331300204
9012014331301528
9012014331302004
